1
2
3
4
5
6
7
8
9
10
11
12
14
15
16
17
18
19
20
21
22
23
Suspended24
25
26
27
28
29
30
31
32
33
34
35
36
37
38
39
40
41
42
43
45
46
47
48
50
51
52
53
55
56
57
58
59
60
61
62
63
64
65
66
Suspended67
68
69
70
71
72
Suspended73
75
76
77
78
79
80
81
82
83
84
85
86
87
88
89
90
91
92
93
94
95
96
97
98
99
100
101
102
103
104
105
106
107
108
109
110
111
112
113
114
115
116
117
118
119
120
Suspended121
122
123
124
125
126
127
128
129
130
131
132
133
135
136
137
138
139
141
142
143
144
145
146
147
148
149
150
151
152
153
154
Suspended155
156
157
158
159
160
161
162
163
Suspended164
165
166
167
168
169
171
Suspended172
173
174
175
176
177
178
179
180
181
182
183
184
185
186
187
188
189
190
191
193
194
195
196
197
Suspended198
199
200
201
202
204
205
206
207
208
Suspended209
210
211
212
213
214
215
216
217
218
219
220
221
222
223
224
225
226
227
228
229
230
231
232
Suspended233
234
235
236
237
238
239
240
241
242
243
244
245
Suspended246
247
248
250
251
252
253
Suspended254
255
256
257
258
259
260
261
262
263
264
265
266
267
268
269
270
271
272
273
274
Suspended275
276
277
278
279
280
281
282
285
286
287
288
289
290
291
292
293
294
295
296
297
298
299
303
305
306
Suspended307
308
309
310
311
312
313
315
316
317
318
320
321
322
323
326
327
328
329
330
331
332
333
334
335
336
337
338
339
340
341
342
343
345
346
347
348
351
352
353
354
355
356
357
358
359
360
361
362
363
Suspended364
365
366
367
369
370
371
372
373
374
375
376
377
378
379
380
381
382
383
384
385
386
387
388
389
390
391
392
393
395
396
397
398
399
400
401
Suspended402
403
Suspended404
406
408
410
411
412
413
416
417
418
419
420
422
423
425
426
428
430
431
432
433
434
436
438
439
440
442
444
445
449
450
451
455
456
458
459
460
Suspended462
464
465
467
468
469
471
472
474
475
476
Suspended479
480
482
483
484
485
486
487
488
489
491
493
494
495
496
497
498
499
500
503
505
506
508
509
510
511
512
513
515
517
518
519
520
Suspended521
522
524
525
526
527
528
529
530
531
532
533
535
536
538
539
540
542
543
544
546
547
548
550
551
552
553
554
Suspended555
556
557
558
559
560
563
564
565
567
568
Suspended569
570
571
572
573
574
575
576
Suspended577
578
579
580
581
582
583
585
586
Suspended587
588
590
Suspended591
592
593
595
596
598
599
600
601
602
603
604
605
606
607
608
609
610
611
Suspended612
613
616
617
618
619
620
621
622
623
626
627
628
629
630
631
632
633
635
636
637
638
639
640
641
643
645
646
647
Suspended648
650
651
653
655
656
657
658
659
660
661
662
663
665
666
667
668
669
670
672
673
674
675
676
677
678
679
680
681
682
683
684
685
686
687
688
689
690
691
Suspended692
693
694
695
696
697
698
699
700
701
702
703
704
Suspended705
706
707
708
709
710
711
712
713
715
716
717
718
719
720
721
722
Suspended723
724
725
726
727
728
729
730
731
732
733
736
737
738
743
745
746
747
750
751
752
753
754
755
756
757
758
759
760
762
763
764
765
766
Suspended767
768
769
770
771
772
775
776
777
780
784
787
788
789
794
797
798
799
800
801
802
803
804
806
807
809
810
811
812
813
814
815
816
817
818
819
821
822
825
826
827
828
829
830
831
832
833
834
836
837
838
839
840
841
842
844
845
Suspended846
848
Suspended850
851
852
853
854
855
856
857
858
859
860
861
862
863
864
865
866
867
868
869
871
872
874
875
876
877
878
880
881
882
883
884
885
886
887
888
889
891
893
894
895
896
897
898
899
900
901
902
903
904
905
906
Suspended907
908
910
911
912
913
914
915
916
Suspended918
919
921
922
923
924
925
926
927
928
929
931
932
Suspended933
934
935
936
938
939
Suspended940
941
943
945
947
948
950
951
952
953
954
956
958
959
960
966
Suspended967
968
969
970
973
974
975
976
978
979
980
981
982
983
984
985
986
987
988
989
990
991
992
993
994
995
996
997
998
999
1000
1001
1002
1003
1004
1005
1006
1007
1008
1009
1010
1011
1013
Suspended1019
1020
Suspended1021
1022
1023
1025
1026
1027
1028
1029
1030
1031
1033
1034
1035
1036
1037
1038
1039
1041
1043
1044
1045
1046
1047
Suspended1048
1049
1050
1051
1052
1053
1055
1057
1058
1059
1060
1061
1062
1063
1064
1065
1066
1068
1069
1070
1071
1072
1073
1075
1076
1079
1080
1082
1083
1084
1085
1086
1087
1088
1089
1090
1091
1093
1094
1096
1097
1098
1099
1100
1101
1102
1103
1104
1105
1106
1107
1108
1109
1110
1111
1112
1113
1114
1115
1116
1117
1118
1119
1120
1121
1122
1123
1124
1125
1126
1127
1128
1129
1130
1131
1132
1133
1134
1137
1138
Suspended1139
1140
1141
1142
1143
1145
1146
1148
1150
1151
1152
Suspended1155
1157
1158
1159
1160
1161
1164
1165
1166
1168
1169
1170
1171
1172
1173
1175
1176
1177
1178
1180
1181
1182
1183
1184
1185
1186
1188
1189
Suspended1190
1191
1192
1193
1194
1195
1196
1198
1199
1200
1201
1202
1203
1205
1206
1207
1208
1210
1211
1212
1213
1215
1216
1217
1218
Suspended1219
Suspended1220
1221
1222
1223
1224
Suspended1225
1226
1227
Suspended1228
1229
1230
1231
1232
1233
1234
1235
Suspended1236
1237
1238
1239
1240
1241
1243
1245
1246
1247
1249
1250
1251
1252
1253
1255
1257
1258
1259
1260
1262
1263
1265
1266
1268
1269
1270
1271
1272
1273
1277
1278
Suspended1280
1281
1282
1283
1285
1286
1288
1289
1290
1292
1293
1296
1297
1298
1299
1300
1301
1302
1303
1305
1308
1310
1312
1313
1314
Suspended1315
1316
1317
Suspended1318
1319
1321
Suspended1322
1323
1326
1327
1328
1329
1330
1332
1333
1335
1336
1337
1338
1339
1340
1341
1345
1347
1348
1349
Suspended1353
1355
1357
1358
1359
1360
1361
1362
Suspended1363
1365
1366
1367
1368
Suspended1369
1370
1371
1372
1373
1375
1378
1380
1381
1382
1383
1385
1386
1387
1388
1389
1393
1395
1396
1397
1398
1399
1400
1415
1417
1418
1419
1420
1421
1428
1430
1431
1432
1439
1443
1446
1447
1448
1450
1451
1452
1456
1458
1459
1460
1461
Suspended1462
1466
1468
1469
1470
1475
1476
1478
1480
1483
1486
1488
1492
1495
1496
1498
1499
1500
1508
Suspended1509
1513
1515
1518
1520
1521
1522
1523
1526
1527
1528
1530
1532
1533
1536
1538
1539
1540
1543
1545
1546
1547
1548
1549
1551
1552
1555
1556
1557
1558
1559
1560
1561
1563
1565
1566
1568
1569
1570
1571
1572
1573
1575
1576
1577
1578
1579
1580
1581
1582
1583
1585
1586
1587
1588
1589
1591
1592
1595
1596
1598
1599
1600
1606
1608
1609
1610
1611
1612
1613
1615
1616
1617
1618
Suspended1619
1620
1621
1622
1623
1626
1627
1628
1629
1630
1631
1632
1633
1635
1636
1637
1638
1639
1647
Suspended1649
1651
1652
1653
1655
1656
1658
Suspended1659
1660
1661
1662
1663
1665
1666
1667
1668
1669
1671
1672
1673
1675
1676
1678
1679
1680
1681
1682
1683
1685
1686
1689
1690
1692
1693
1695
1696
1697
Suspended1698
1699
1700
1701
1702
1703
1705
1706
1707
1708
1709
1710
1711
1712
1713
1715
1716
1717
1718
1719
1720
1721
1722
1723
1725
1726
1727
1728
1729
1730
1731
1732
1733
1735
1736
1737
1738
1739
1741
1742
1743
1746
1748
1749
1750
1751
1752
1753
1755
1757
1758
1759
1760
1761
1762
1763
1765
1766
1767
1769
1771
1772
1773
1775
1776
1777
1778
1780
1781
1782
1783
1785
1786
1787
1788
1789
1790
1793
1796
1797
1798
1799
1800
1801
1803
1806
1807
1808
1809
1810
1811
1812
1813
1815
1816
1817
1818
Suspended1819
1820
1822
1823
1825
1826
1827
1828
1829
1830
1831
1832
1833
1835
1836
1837
1838
1839
1841
1842
1843
1845
1846
1848
1849
1850
1851
1853
1854
1856
1857
1858
1860
1861
1862
Suspended1863
1865
1866
1867
1868
1869
1871
1872
1873
1876
1877
1878
1882
1883
1884
1885
Suspended1886
1888
1889
1890
1891
1894
1895
1896
1897
1898
1899
1900
1901
1902
1903
1905
1906
1907
1908
1909
1910
1911
1912
1913
1915
1916
1917
1918
1919
1920
1928
1929
1930
1931
1932
1933
1935
1938
1939
1943
1949
1951
1955
1958
1959
1960
1962
1963
1966
1967
1968
1969
1970
1972
1975
1977
1978
1979
1980
1982
1983
1985
1986
1988
1989
1990
1991
1992
1993
1995
1996
1997
Suspended1998
1999
2000
2001
2002
2003
2005
2006
2007
2008
2009
Suspended2010
Suspended2011
2012
2013
2014
2016
2017
2018
2019
2020
2022
2023
2025
2028
2030
Suspended2031
2033
2038
2039
2048
2051
2060
2066
2068
2078
2080
2083
2086
2088
2098
2099
2100
2108
2111
2112
2113
2116
2118
2119
2120
Suspended2121
2122
Suspended2123
2128
2133
2136
2138
2139
2166
2168
2178
2180
2181
2182
2183
2186
2188
2189
2193
2196
2198
2199
Suspended2200
2202
2203
2208
2211
2212
2213
2218
2221
2222
2223
2225
2226
2227
Suspended2228
2230
2232
2233
2236
2238
2239
2255
2258
2262
2266
Suspended2268
2269
2277
2278
2280
2281
2282
2283
2286
2288
2289
2292
2293
2298
2299
2300
2302
2303
2307
2308
2309
2310
2312
2313
2314
2317
2318
2319
2320
2322
2323
2324
2326
2327
2328
2329
2330
2331
2333
2336
2337
2338
2339
2340
2341
2342
2343
2345
2346
2348
2349
2355
2356
2357
2358
2359
2360
2362
2363
2366
2368
2369
2371
2377
2378
2379
2380
2382
2383
2386
2388
2389
2393
2398
2399
2448
2488
2552
2558
2588
2600
2601
2606
2607
2608
2611
2616
2623
2628
2633
2638
2660
Suspended2662
2663
2666
2668
2669
2678
2680
2682
2683
2686
2688
2689
2696
2698
2699
2700
2708
2718
2722
2727
2728
2738
2768
2772
2777
2779
2788
2789
2798
2799
2858
2863
2866
2868
2869
2877
2878
2880
Suspended2882
2883
2885
2886
2888
Suspended2889
2892
Suspended2898
2899
Suspended2906
2954
2955
2956
3300
3301
3302
3303
3306
3308
3309
3311
3313
3315
3316
3318
3319
3320
3321
3322
3323
3326
3328
3329
3330
3331
3332
3333
Suspended3335
3336
3337
3339
3344
3358
3360
3363
3366
3368
3369
3377
3378
3380
3382
3383
3389
3393
3395
3396
3398
3399
3600
3601
3606
3608
3613
3616
3618
3623
3626
3628
3633
3636
3638
3639
3662
3663
3666
3668
3669
3678
3683
3686
3688
3689
3690
3692
3698
3699
3700
3708
3709
3728
3737
3738
3768
3773
3778
3788
3789
3798
3799
3800
3808
3813
3816
3818
3822
Suspended3823
3828
3830
3833
3836
3838
3839
3848
3866
3868
3869
3877
3878
3882
3883
Suspended3886
3888
3889
3893
3898
3899
3900
3903
3908
3918
3919
3928
3933
3938
3939
3948
3958
3963
3966
3968
3969
3978
3983
3988
3989
3990
3992
3993
3996
3997
3998
3999
4332
4333
4335
4336
4337
4338
4603
4604
4605
4606
4607
4608
4609
4610
4611
4612
4613
4614
4615
4616
4617
4618
6030
6033
6036
6038
6055
6058
6060
6066
6068
6069
6080
6083
6088
6090
6093
6098
6099
6100
Suspended6108
6110
6111
6113
6116
6117
6118
6119
6122
6123
6128
6133
6136
6138
6139
6158
6160
6161
6162
6163
6166
6168
6169
6178
6182
6183
6185
6188
6189
6190
6196
6198
6288
6805
6806
6808
6811
6816
6818
6819
6820
6822
6823
6826
6828
6829
6830
6833
6836
6837
6838
6839
6855
6858
6860
6862
Suspended6863
6865
6866
6868
6869
6877
6878
6880
6881
6882
6885
6886
6888
6889
6890
6893
6896
6898
6899
8001
8003
8005
8006
8007
8009
Suspended8011
8013
8015
8016
8017
8018
8019
8020
8021
8022
8023
8025
8026
8027
8028
8029
8030
8031
8032
8033
Suspended8035
8036
8037
8039
8040
8041
8042
8043
8045
8047
8048
8049
8050
8051
8052
8053
8055
8056
8057
8059
8060
8062
8063
8065
8066
8067
8069
8070
8071
8072
8073
8075
8076
8078
8079
8080
8081
8082
8083
Suspended8085
8086
8087
8088
8089
Suspended8090
8091
8092
8093
8095
8096
8098
8100
8101
8103
8105
8106
8107
8108
8109
8111
8112
8113
8115
Suspended8116
8117
8118
8119
8120
8121
8123
8125
8126
8128
8130
8131
Suspended8132
8133
8135
8136
8137
8139
8140
8142
8143
8146
8147
8148
8149
8150
8151
8152
8153
8155
8156
8158
8159
8160
8161
8162
8163
Suspended8165
8166
8167
8168
8169
8170
8171
8172
Suspended8173
8175
8176
8178
8179
8181
Suspended8182
8183
8186
8187
8188
8189
Suspended8190
8191
Suspended8192
8193
8195
8196
Suspended8197
8198
8199
8200
8201
Suspended8202
8203
8205
8206
Suspended8207
8210
8211
Suspended8212
8213
Suspended8215
8217
8218
8219
8220
8221
8222
8223
8225
8226
8227
8228
8229
Suspended8230
8231
8232
8235
8236
8237
8238
8239
8241
8242
Suspended8243
8245
8246
8247
8249
8250
8255
Suspended8256
8257
8258
8259
8260
8262
8265
8266
8267
8268
8269
8270
8271
8272
8275
8277
8278
8279
8280
8281
8282
8283
8285
8286
8287
8290
8291
8292
8293
8295
8296
8297
8299
8300
8301
8305
8307
8308
8309
8310
Suspended8311
8313
8315
8316
8317
8319
8320
8321
8325
8326
8328
8329
8331
8333
8337
8340
8341
8343
8346
8347
8348
8349
8350
8351
8353
8355
8356
8357
8360
8362
8363
8365
8366
8367
8368
8370
8371
8372
8373
8375
8376
8377
8379
8383
8385
8391
8392
8395
8400
8401
8402
8403
8405
8406
8410
8411
8412
8413
8416
8417
8418
8419
8420
8421
8422
8423
8425
8426
8427
8428
8429
8430
8431
8432
8436
8437
8439
8441
8442
8445
8446
8447
8448
8450
8451
8452
8455
8456
8457
8460
8462
8463
8465
8470
8471
8472
8473
8475
8476
8479
8480
8481
8482
8483
8485
8487
8490
8491
8493
8495
8501
8502
8506
8507
8509
8510
8511
8512
8513
8516
8519
8521
8522
8523
8525
8526
8527
8532
8535
8536
8537
8540
8545
8547
8586
8601
8603
8606
8607
8609
8611
8612
8613
8619
8621
8622
8631
8635
8668
80737
84602